
 Results 
=====

Correctly Classified Instances         103               50.7389 %
Incorrectly Classified Instances       100               49.2611 %
Kappa statistic                          0.4852
K&B Relative Info Score               9440.8899 %
K&B Information Score                  536.8678 bits      2.6447 bits/instance
Class complexity | order 0            1164.7901 bits      5.7379 bits/instance
Class complexity | scheme            87093.3052 bits    429.0311 bits/instance
Complexity improvement     (Sf)     -85928.515  bits   -423.2932 bits/instance
Mean absolute error                      0.0175
Root mean squared error                  0.1066
Relative absolute error                 59.3099 %
Root relative squared error             87.8072 %
Coverage of cases (0.95 level)          59.1133 %
Mean rel. region size (0.95 level)       5.7173 %
Total Number of Instances              203     
=== Detailed Accuracy By Class ===

                 TP Rate  FP Rate  Precision  Recall   F-Measure  MCC      ROC Area  PRC Area  Class
                 0.824    0.038    0.667      0.824    0.737      0.715    0.953     0.760     1
                 0.500    0.010    0.333      0.500    0.400      0.401    0.989     0.367     2
                 1.000    0.010    0.500      1.000    0.667      0.704    0.993     0.417     3
                 1.000    0.000    1.000      1.000    1.000      1.000    1.000     1.000     4
                 1.000    0.000    1.000      1.000    1.000      1.000    1.000     1.000     5
                 1.000    0.000    1.000      1.000    1.000      1.000    1.000     1.000     6
                 1.000    0.021    0.667      1.000    0.800      0.808    0.990     0.667     7
                 0.667    0.005    0.667      0.667    0.667      0.662    0.833     0.672     8
                 0.750    0.005    0.857      0.750    0.800      0.794    0.872     0.742     9
                 0.667    0.000    1.000      0.667    0.800      0.814    0.833     0.672     10
                 0.400    0.045    0.182      0.400    0.250      0.243    0.614     0.060     11
                 0.750    0.016    0.750      0.750    0.750      0.734    0.867     0.735     12
                 0.000    0.010    0.000      0.000    0.000      -0.010   0.433     0.010     13
                 0.000    0.005    0.000      0.000    0.000      -0.007   0.415     0.010     14
                 0.000    0.000    0.000      0.000    0.000      0.000    0.460     0.005     15
                 0.889    0.000    1.000      0.889    0.941      0.940    0.943     0.894     16
                 0.000    0.015    0.000      0.000    0.000      -0.019   0.538     0.031     17
                 0.000    0.000    0.000      0.000    0.000      0.000    0.493     0.005     18
                 0.500    0.015    0.250      0.500    0.333      0.345    0.739     0.130     19
                 0.000    0.010    0.000      0.000    0.000      -0.010   0.990     0.500     20
                 0.833    0.010    0.714      0.833    0.769      0.764    0.908     0.618     21
                 1.000    0.000    1.000      1.000    1.000      1.000    1.000     1.000     22
                 0.000    0.010    0.000      0.000    0.000      -0.010   0.984     0.278     23
                 0.571    0.180    0.190      0.571    0.286      0.245    0.762     0.203     24
                 0.500    0.010    0.667      0.500    0.571      0.563    0.743     0.401     25
                 1.000    0.000    1.000      1.000    1.000      1.000    1.000     1.000     26
                 0.667    0.005    0.800      0.667    0.727      0.723    0.826     0.543     27
                 0.000    0.000    0.000      0.000    0.000      0.000    0.493     0.005     28
                 0.857    0.005    0.857      0.857    0.857      0.852    0.924     0.675     29
                 0.000    0.000    0.000      0.000    0.000      0.000    0.470     0.005     30
                 0.000    0.005    0.000      0.000    0.000      -0.009   0.445     0.015     31
                 0.750    0.000    1.000      0.750    0.857      0.864    0.869     0.755     32
                 0.000    0.005    0.000      0.000    0.000      -0.005   0.498     0.005     33
                 0.000    0.000    0.000      0.000    0.000      0.000    0.478     0.005     34
                 0.000    0.046    0.000      0.000    0.000      -0.041   0.582     0.043     35
                 0.000    0.005    0.000      0.000    0.000      -0.005   0.465     0.005     36
                 0.000    0.000    0.000      0.000    0.000      0.000    0.500     0.010     37
                 0.000    0.000    0.000      0.000    0.000      0.000    0.822     0.148     38
                 0.000    0.000    0.000      0.000    0.000      0.000    0.438     0.005     39
                 0.000    0.000    0.000      0.000    0.000      0.000    0.748     0.255     40
                 0.000    0.015    0.000      0.000    0.000      -0.012   0.485     0.010     41
                 0.000    0.000    0.000      0.000    0.000      0.000    0.483     0.005     42
                 0.000    0.000    0.000      0.000    0.000      0.000    0.996     0.583     43
                 0.000    0.000    0.000      0.000    0.000      0.000    0.478     0.005     44
                 0.000    0.000    0.000      0.000    0.000      0.000    0.460     0.005     45
                 0.000    0.000    0.000      0.000    0.000      0.000    0.460     0.005     46
                 0.000    0.000    0.000      0.000    0.000      0.000    0.493     0.005     47
                 0.000    0.000    0.000      0.000    0.000      0.000    0.480     0.005     48
                 0.250    0.005    0.500      0.250    0.333      0.345    0.608     0.265     49
                 0.000    0.000    0.000      0.000    0.000      0.000    0.483     0.005     50
                 0.000    0.000    0.000      0.000    0.000      0.000    0.495     0.005     51
                 0.000    0.000    0.000      0.000    0.000      0.000    0.493     0.005     52
                 0.000    0.005    0.000      0.000    0.000      -0.005   0.480     0.005     53
                 0.000    0.000    0.000      0.000    0.000      0.000    0.463     0.005     54
                 0.000    0.000    0.000      0.000    0.000      0.000    0.480     0.005     55
                 0.000    0.000    0.000      0.000    0.000      0.000    0.475     0.005     56
                 0.000    0.000    0.000      0.000    0.000      0.000    0.488     0.005     57
                 0.000    0.000    0.000      0.000    0.000      0.000    0.490     0.005     58
                 0.000    0.005    0.000      0.000    0.000      -0.005   0.460     0.005     59
                 0.000    0.000    0.000      0.000    0.000      0.000    0.480     0.005     60
                 0.000    0.000    0.000      0.000    0.000      0.000    0.480     0.005     61
                 0.000    0.000    0.000      0.000    0.000      0.000    0.453     0.005     62
                 0.000    0.000    0.000      0.000    0.000      0.000    0.480     0.005     63
                 0.000    0.000    0.000      0.000    0.000      0.000    0.490     0.005     64
                 0.000    0.000    0.000      0.000    0.000      0.000    0.485     0.005     65
                 0.000    0.000    0.000      0.000    0.000      0.000    0.443     0.005     66
Weighted Avg.    0.507    0.023    0.471      0.507    0.476      0.468    0.774     0.446     
