
 Results 
=====

Correctly Classified Instances         884               60.3825 %
Incorrectly Classified Instances       580               39.6175 %
Kappa statistic                          0.583 
K&B Relative Info Score              84153.9286 %
K&B Information Score                 4628.5972 bits      3.1616 bits/instance
Class complexity | order 0            7924.5444 bits      5.4129 bits/instance
Class complexity | scheme           398444.3148 bits    272.1614 bits/instance
Complexity improvement     (Sf)    -390519.7704 bits   -266.7485 bits/instance
Mean absolute error                      0.0104
Root mean squared error                  0.0871
Relative absolute error                 46.4482 %
Root relative squared error             82.4143 %
Coverage of cases (0.95 level)          71.5847 %
Mean rel. region size (0.95 level)       4.2342 %
Total Number of Instances             1464     
=== Detailed Accuracy By Class ===

                 TP Rate  FP Rate  Precision  Recall   F-Measure  MCC      ROC Area  PRC Area  Class
                 0.898    0.098    0.588      0.898    0.711      0.676    0.910     0.584     1
                 0.903    0.011    0.802      0.903    0.850      0.843    0.948     0.699     2
                 0.646    0.034    0.467      0.646    0.542      0.525    0.873     0.383     3
                 0.455    0.008    0.625      0.455    0.526      0.521    0.834     0.448     4
                 0.209    0.018    0.257      0.209    0.231      0.211    0.729     0.169     5
                 0.875    0.008    0.761      0.875    0.814      0.810    0.944     0.782     6
                 0.742    0.027    0.548      0.742    0.630      0.619    0.886     0.573     7
                 0.673    0.008    0.761      0.673    0.714      0.706    0.903     0.678     8
                 0.690    0.006    0.690      0.690    0.690      0.683    0.885     0.592     9
                 0.571    0.007    0.545      0.571    0.558      0.552    0.818     0.349     10
                 0.476    0.003    0.667      0.476    0.556      0.558    0.823     0.408     11
                 0.353    0.010    0.462      0.353    0.400      0.391    0.711     0.355     12
                 0.596    0.008    0.700      0.596    0.644      0.635    0.853     0.566     13
                 0.438    0.006    0.467      0.438    0.452      0.446    0.724     0.266     14
                 0.500    0.008    0.400      0.500    0.444      0.440    0.743     0.309     15
                 0.389    0.008    0.389      0.389    0.389      0.381    0.831     0.216     16
                 0.333    0.020    0.300      0.333    0.316      0.298    0.744     0.287     17
                 0.545    0.000    1.000      0.545    0.706      0.737    0.848     0.661     18
                 0.692    0.004    0.750      0.692    0.720      0.716    0.917     0.675     19
                 0.688    0.011    0.688      0.688    0.688      0.677    0.843     0.541     20
                 0.857    0.001    0.750      0.857    0.800      0.801    0.927     0.572     21
                 0.600    0.001    0.750      0.600    0.667      0.669    0.798     0.544     22
                 0.667    0.005    0.759      0.667    0.710      0.705    0.884     0.671     23
                 0.667    0.001    0.800      0.667    0.727      0.729    0.831     0.668     24
                 0.333    0.004    0.250      0.333    0.286      0.285    0.740     0.098     25
                 0.400    0.000    1.000      0.400    0.571      0.632    0.799     0.551     26
                 0.000    0.001    0.000      0.000    0.000      -0.002   0.892     0.128     27
                 0.740    0.011    0.698      0.740    0.718      0.709    0.878     0.633     28
                 0.000    0.003    0.000      0.000    0.000      -0.005   0.764     0.094     29
                 0.154    0.008    0.154      0.154    0.154      0.146    0.588     0.097     30
                 0.000    0.001    0.000      0.000    0.000      -0.002   0.896     0.251     31
                 0.000    0.003    0.000      0.000    0.000      -0.003   0.494     0.003     32
                 0.400    0.001    0.500      0.400    0.444      0.446    0.648     0.202     33
                 0.400    0.003    0.500      0.400    0.444      0.444    0.794     0.336     34
                 0.250    0.003    0.200      0.250    0.222      0.221    0.607     0.052     35
                 0.000    0.002    0.000      0.000    0.000      -0.002   0.622     0.065     36
                 0.000    0.001    0.000      0.000    0.000      -0.001   0.617     0.127     37
                 0.000    0.002    0.000      0.000    0.000      -0.002   0.729     0.044     38
                 0.618    0.010    0.583      0.618    0.600      0.590    0.874     0.477     39
                 0.250    0.001    0.500      0.250    0.333      0.352    0.749     0.251     40
                 0.000    0.000    0.000      0.000    0.000      0.000    0.488     0.003     41
                 0.500    0.001    0.500      0.500    0.500      0.499    0.743     0.251     42
                 0.500    0.001    0.500      0.500    0.500      0.499    0.999     0.542     43
                 1.000    0.001    0.800      1.000    0.889      0.894    0.999     0.800     44
                 0.600    0.005    0.563      0.600    0.581      0.576    0.888     0.436     45
                 0.706    0.006    0.750      0.706    0.727      0.721    0.895     0.740     46
                 0.000    0.001    0.000      0.000    0.000      -0.002   0.620     0.021     47
                 0.250    0.000    1.000      0.250    0.400      0.499    0.625     0.252     48
                 0.370    0.002    0.769      0.370    0.500      0.528    0.846     0.453     49
                 0.000    0.001    0.000      0.000    0.000      -0.001   0.490     0.002     50
                 0.565    0.003    0.765      0.565    0.650      0.653    0.819     0.535     51
                 0.333    0.000    1.000      0.333    0.500      0.577    0.833     0.667     52
                 0.667    0.001    0.667      0.667    0.667      0.666    0.833     0.390     53
                 0.667    0.001    0.500      0.667    0.571      0.576    0.833     0.334     54
                 0.000    0.001    0.000      0.000    0.000      -0.002   0.829     0.151     55
                 1.000    0.000    1.000      1.000    1.000      1.000    1.000     1.000     56
                 0.833    0.001    0.909      0.833    0.870      0.869    0.916     0.821     57
                 0.000    0.000    0.000      0.000    0.000      0.000    0.444     0.002     58
                 0.908    0.002    0.958      0.908    0.932      0.929    0.976     0.851     59
                 0.286    0.001    0.667      0.286    0.400      0.435    0.703     0.374     60
                 0.091    0.006    0.100      0.091    0.095      0.089    0.700     0.079     61
                 0.000    0.001    0.000      0.000    0.000      -0.001   0.659     0.112     62
                 0.000    0.001    0.000      0.000    0.000      -0.001   0.991     0.139     63
                 0.000    0.001    0.000      0.000    0.000      -0.001   0.663     0.112     64
                 0.000    0.000    0.000      0.000    0.000      0.000    0.662     0.049     65
                 0.333    0.003    0.200      0.333    0.250      0.256    0.824     0.076     66
                 0.000    0.000    0.000      0.000    0.000      0.000    0.461     0.002     67
                 0.000    0.001    0.000      0.000    0.000      -0.001   0.829     0.445     68
                 0.000    0.001    0.000      0.000    0.000      -0.001   0.664     0.057     69
                 0.833    0.003    0.714      0.833    0.769      0.769    0.916     0.692     70
                 0.000    0.003    0.000      0.000    0.000      -0.002   0.822     0.083     71
                 0.000    0.000    0.000      0.000    0.000      0.000    0.813     0.167     72
                 0.000    0.000    0.000      0.000    0.000      0.000    0.664     0.049     73
                 0.316    0.003    0.545      0.316    0.400      0.409    0.762     0.351     74
                 0.000    0.000    0.000      0.000    0.000      0.000    0.475     0.001     75
                 0.000    0.001    0.000      0.000    0.000      -0.001   0.499     0.001     76
                 0.000    0.000    0.000      0.000    0.000      0.000    0.478     0.001     77
                 0.000    0.000    0.000      0.000    0.000      0.000    1.000     0.833     78
                 0.000    0.000    0.000      0.000    0.000      0.000    0.999     0.450     79
                 0.000    0.000    0.000      0.000    0.000      0.000    0.480     0.001     80
                 0.000    0.000    0.000      0.000    0.000      0.000    0.484     0.001     81
                 0.000    0.001    0.000      0.000    0.000      -0.001   0.490     0.001     82
                 0.000    0.000    0.000      0.000    0.000      0.000    0.497     0.001     83
                 0.000    0.000    0.000      0.000    0.000      0.000    0.495     0.001     84
                 0.000    0.000    0.000      0.000    0.000      0.000    0.484     0.001     85
                 0.000    0.001    0.000      0.000    0.000      -0.001   0.740     0.018     86
Weighted Avg.    0.604    0.021    0.583      0.604    0.582      0.573    0.848     0.501     
