
 Results 
=====

Correctly Classified Instances         112               55.1724 %
Incorrectly Classified Instances        91               44.8276 %
Kappa statistic                          0.5343
K&B Relative Info Score              10991.9575 %
K&B Information Score                  625.0711 bits      3.0792 bits/instance
Class complexity | order 0            1164.7901 bits      5.7379 bits/instance
Class complexity | scheme             1432.576  bits      7.057  bits/instance
Complexity improvement     (Sf)       -267.7859 bits     -1.3191 bits/instance
Mean absolute error                      0.0137
Root mean squared error                  0.1035
Relative absolute error                 46.4475 %
Root relative squared error             85.2424 %
Coverage of cases (0.95 level)          62.069  %
Mean rel. region size (0.95 level)       3.202  %
Total Number of Instances              203     
=== Detailed Accuracy By Class ===

                 TP Rate  FP Rate  Precision  Recall   F-Measure  MCC      ROC Area  PRC Area  Class
                 0.824    0.016    0.824      0.824    0.824      0.807    0.957     0.734     1
                 1.000    0.000    1.000      1.000    1.000      1.000    1.000     1.000     2
                 1.000    0.000    1.000      1.000    1.000      1.000    1.000     1.000     3
                 1.000    0.000    1.000      1.000    1.000      1.000    1.000     1.000     4
                 1.000    0.000    1.000      1.000    1.000      1.000    1.000     1.000     5
                 0.333    0.005    0.500      0.333    0.400      0.401    0.997     0.806     6
                 0.625    0.015    0.625      0.625    0.625      0.610    0.972     0.495     7
                 0.667    0.000    1.000      0.667    0.800      0.814    0.977     0.725     8
                 0.875    0.021    0.636      0.875    0.737      0.734    0.951     0.887     9
                 1.000    0.000    1.000      1.000    1.000      1.000    1.000     1.000     10
                 0.000    0.015    0.000      0.000    0.000      -0.019   0.821     0.073     11
                 0.833    0.021    0.714      0.833    0.769      0.756    0.940     0.858     12
                 0.000    0.000    0.000      0.000    0.000      0.000    0.644     0.022     13
                 0.000    0.000    0.000      0.000    0.000      0.000    0.618     0.027     14
                 0.000    0.010    0.000      0.000    0.000      -0.007   0.990     0.333     15
                 0.889    0.005    0.889      0.889    0.889      0.884    0.946     0.899     16
                 0.000    0.051    0.000      0.000    0.000      -0.036   0.611     0.035     17
                 0.000    0.000    0.000      0.000    0.000      0.000    0.921     0.059     18
                 0.000    0.000    0.000      0.000    0.000      0.000    0.843     0.183     19
                 1.000    0.000    1.000      1.000    1.000      1.000    1.000     1.000     20
                 0.833    0.000    1.000      0.833    0.909      0.911    0.949     0.848     21
                 0.857    0.000    1.000      0.857    0.923      0.923    0.996     0.940     22
                 1.000    0.000    1.000      1.000    1.000      1.000    1.000     1.000     23
                 0.643    0.063    0.429      0.643    0.514      0.482    0.945     0.493     24
                 0.750    0.021    0.600      0.750    0.667      0.656    0.901     0.735     25
                 1.000    0.000    1.000      1.000    1.000      1.000    1.000     1.000     26
                 0.500    0.010    0.600      0.500    0.545      0.535    0.965     0.712     27
                 0.000    0.000    0.000      0.000    0.000      0.000    0.936     0.071     28
                 0.857    0.005    0.857      0.857    0.857      0.852    0.983     0.889     29
                 0.000    0.000    0.000      0.000    0.000      0.000    0.990     0.333     30
                 0.000    0.000    0.000      0.000    0.000      0.000    0.978     0.729     31
                 0.750    0.005    0.750      0.750    0.750      0.745    0.788     0.756     32
                 0.000    0.000    0.000      0.000    0.000      0.000    1.000     1.000     33
                 0.000    0.000    0.000      0.000    0.000      0.000    0.916     0.056     34
                 0.000    0.087    0.000      0.000    0.000      -0.057   0.656     0.056     35
                 0.000    0.000    0.000      0.000    0.000      0.000    0.950     0.091     36
                 1.000    0.000    1.000      1.000    1.000      1.000    1.000     1.000     37
                 0.000    0.030    0.000      0.000    0.000      -0.025   0.667     0.042     38
                 0.000    0.005    0.000      0.000    0.000      -0.005   0.980     0.200     39
                 1.000    0.000    1.000      1.000    1.000      1.000    1.000     1.000     40
                 0.000    0.000    0.000      0.000    0.000      0.000    0.420     0.012     41
                 0.000    0.035    0.000      0.000    0.000      -0.013   0.936     0.067     42
                 1.000    0.000    1.000      1.000    1.000      1.000    1.000     1.000     43
                 0.000    0.005    0.000      0.000    0.000      -0.005   0.941     0.077     44
                 0.000    0.000    0.000      0.000    0.000      0.000    0.931     0.067     45
                 0.000    0.000    0.000      0.000    0.000      0.000    1.000     1.000     46
                 0.000    0.000    0.000      0.000    0.000      0.000    0.886     0.042     47
                 0.000    0.000    0.000      0.000    0.000      0.000    0.975     0.167     48
                 0.750    0.005    0.750      0.750    0.750      0.745    0.818     0.757     49
                 0.000    0.000    0.000      0.000    0.000      0.000    0.980     0.200     50
                 0.000    0.000    0.000      0.000    0.000      0.000    0.960     0.111     51
                 0.000    0.000    0.000      0.000    0.000      0.000    0.911     0.053     52
                 0.000    0.000    0.000      0.000    0.000      0.000    0.980     0.200     53
                 0.000    0.000    0.000      0.000    0.000      0.000    0.980     0.200     54
                 0.000    0.015    0.000      0.000    0.000      -0.009   0.923     0.059     55
                 0.000    0.005    0.000      0.000    0.000      -0.005   0.896     0.045     56
                 0.000    0.005    0.000      0.000    0.000      -0.005   0.980     0.200     57
                 0.000    0.000    0.000      0.000    0.000      0.000    0.916     0.056     58
                 0.000    0.000    0.000      0.000    0.000      0.000    0.965     0.125     59
                 0.000    0.000    0.000      0.000    0.000      0.000    0.911     0.053     60
                 0.000    0.000    0.000      0.000    0.000      0.000    0.995     0.500     61
                 0.000    0.000    0.000      0.000    0.000      0.000    1.000     1.000     62
                 0.000    0.000    0.000      0.000    0.000      0.000    0.941     0.077     63
                 0.000    0.010    0.000      0.000    0.000      -0.007   0.931     0.067     64
                 0.000    0.000    0.000      0.000    0.000      0.000    0.936     0.071     65
                 0.000    0.000    0.000      0.000    0.000      0.000    0.995     0.500     66
Weighted Avg.    0.552    0.016    0.535      0.552    0.539      0.529    0.914     0.603     
