
 Results 
=====

Correctly Classified Instances         100               49.2611 %
Incorrectly Classified Instances       103               50.7389 %
Kappa statistic                          0.4701
K&B Relative Info Score               7964.4069 %
K&B Information Score                  452.9057 bits      2.2311 bits/instance
Class complexity | order 0            1164.7901 bits      5.7379 bits/instance
Class complexity | scheme            47653.4962 bits    234.7463 bits/instance
Complexity improvement     (Sf)     -46488.7061 bits   -229.0084 bits/instance
Mean absolute error                      0.0236
Root mean squared error                  0.1051
Relative absolute error                 79.9238 %
Root relative squared error             86.5713 %
Coverage of cases (0.95 level)          74.3842 %
Mean rel. region size (0.95 level)      25.4217 %
Total Number of Instances              203     
=== Detailed Accuracy By Class ===

                 TP Rate  FP Rate  Precision  Recall   F-Measure  MCC      ROC Area  PRC Area  Class
                 0.882    0.075    0.517      0.882    0.652      0.639    0.960     0.902     1
                 0.000    0.000    0.000      0.000    0.000      0.000    0.628     0.018     2
                 0.000    0.005    0.000      0.000    0.000      -0.007   0.841     0.037     3
                 1.000    0.000    1.000      1.000    1.000      1.000    1.000     1.000     4
                 0.333    0.000    1.000      0.333    0.500      0.574    0.787     0.672     5
                 1.000    0.000    1.000      1.000    1.000      1.000    0.997     0.867     6
                 0.625    0.015    0.625      0.625    0.625      0.610    0.992     0.823     7
                 1.000    0.000    1.000      1.000    1.000      1.000    1.000     1.000     8
                 0.875    0.015    0.700      0.875    0.778      0.773    0.994     0.904     9
                 0.667    0.000    1.000      0.667    0.800      0.814    1.000     1.000     10
                 0.600    0.000    1.000      0.600    0.750      0.771    0.860     0.765     11
                 1.000    0.073    0.462      1.000    0.632      0.654    0.996     0.929     12
                 1.000    0.000    1.000      1.000    1.000      1.000    1.000     1.000     13
                 0.000    0.005    0.000      0.000    0.000      -0.007   0.853     0.043     14
                 0.000    0.000    0.000      0.000    0.000      0.000    0.443     0.005     15
                 0.889    0.021    0.667      0.889    0.762      0.758    0.948     0.817     16
                 0.000    0.030    0.000      0.000    0.000      -0.028   0.731     0.049     17
                 0.000    0.000    0.000      0.000    0.000      0.000    0.431     0.005     18
                 0.000    0.010    0.000      0.000    0.000      -0.010   0.902     0.062     19
                 1.000    0.000    1.000      1.000    1.000      1.000    1.000     1.000     20
                 0.833    0.112    0.185      0.833    0.303      0.360    0.978     0.817     21
                 0.571    0.000    1.000      0.571    0.727      0.750    0.706     0.587     22
                 0.000    0.000    0.000      0.000    0.000      0.000    1.000     1.000     23
                 0.500    0.048    0.438      0.500    0.467      0.425    0.879     0.615     24
                 0.625    0.000    1.000      0.625    0.769      0.785    0.904     0.804     25
                 1.000    0.005    0.667      1.000    0.800      0.814    1.000     1.000     26
                 0.000    0.010    0.000      0.000    0.000      -0.017   0.729     0.191     27
                 0.000    0.000    0.000      0.000    0.000      0.000    0.413     0.005     28
                 0.286    0.015    0.400      0.286    0.333      0.318    0.706     0.341     29
                 0.000    0.000    0.000      0.000    0.000      0.000    0.438     0.005     30
                 0.000    0.000    0.000      0.000    0.000      0.000    0.662     0.038     31
                 0.500    0.000    1.000      0.500    0.667      0.704    0.869     0.571     32
                 0.000    0.000    0.000      0.000    0.000      0.000    0.473     0.005     33
                 0.000    0.000    0.000      0.000    0.000      0.000    0.401     0.005     34
                 0.429    0.015    0.500      0.429    0.462      0.445    0.835     0.296     35
                 0.000    0.010    0.000      0.000    0.000      -0.007   0.334     0.005     36
                 0.000    0.000    0.000      0.000    0.000      0.000    0.990     0.450     37
                 0.250    0.020    0.200      0.250    0.222      0.206    0.820     0.169     38
                 0.000    0.005    0.000      0.000    0.000      -0.005   0.354     0.005     39
                 1.000    0.005    0.667      1.000    0.800      0.814    1.000     1.000     40
                 0.000    0.000    0.000      0.000    0.000      0.000    0.410     0.010     41
                 0.000    0.005    0.000      0.000    0.000      -0.005   0.351     0.005     42
                 0.000    0.010    0.000      0.000    0.000      -0.010   0.950     0.117     43
                 0.000    0.000    0.000      0.000    0.000      0.000    0.426     0.005     44
                 0.000    0.000    0.000      0.000    0.000      0.000    0.411     0.005     45
                 0.000    0.000    0.000      0.000    0.000      0.000    0.441     0.005     46
                 0.000    0.000    0.000      0.000    0.000      0.000    0.406     0.005     47
                 0.000    0.000    0.000      0.000    0.000      0.000    0.448     0.005     48
                 0.500    0.000    1.000      0.500    0.667      0.704    0.938     0.557     49
                 0.000    0.015    0.000      0.000    0.000      -0.009   0.356     0.005     50
                 0.000    0.000    0.000      0.000    0.000      0.000    0.468     0.005     51
                 0.000    0.000    0.000      0.000    0.000      0.000    0.408     0.005     52
                 0.000    0.000    0.000      0.000    0.000      0.000    0.401     0.005     53
                 0.000    0.000    0.000      0.000    0.000      0.000    0.458     0.005     54
                 0.000    0.000    0.000      0.000    0.000      0.000    0.347     0.005     55
                 0.000    0.000    0.000      0.000    0.000      0.000    0.411     0.005     56
                 0.000    0.000    0.000      0.000    0.000      0.000    0.418     0.005     57
                 0.000    0.000    0.000      0.000    0.000      0.000    0.436     0.005     58
                 0.000    0.000    0.000      0.000    0.000      0.000    0.324     0.005     59
                 0.000    0.000    0.000      0.000    0.000      0.000    0.379     0.005     60
                 0.000    0.005    0.000      0.000    0.000      -0.005   0.371     0.005     61
                 0.000    0.000    0.000      0.000    0.000      0.000    0.413     0.005     62
                 0.000    0.000    0.000      0.000    0.000      0.000    0.446     0.005     63
                 0.000    0.000    0.000      0.000    0.000      0.000    0.441     0.005     64
                 0.000    0.000    0.000      0.000    0.000      0.000    0.121     0.005     65
                 0.000    0.000    0.000      0.000    0.000      0.000    0.468     0.005     66
Weighted Avg.    0.493    0.022    0.463      0.493    0.448      0.448    0.816     0.546     
