
 Results 
=====

Correctly Classified Instances        1081               73.8388 %
Incorrectly Classified Instances       383               26.1612 %
Kappa statistic                          0.7252
K&B Relative Info Score              94650.6818 %
K&B Information Score                 5205.935  bits      3.556  bits/instance
Class complexity | order 0            7924.5444 bits      5.4129 bits/instance
Class complexity | scheme            30443.9609 bits     20.7951 bits/instance
Complexity improvement     (Sf)     -22519.4164 bits    -15.3821 bits/instance
Mean absolute error                      0.0134
Root mean squared error                  0.0738
Relative absolute error                 59.9745 %
Root relative squared error             69.8815 %
Coverage of cases (0.95 level)          97.3361 %
Mean rel. region size (0.95 level)      19.8357 %
Total Number of Instances             1464     
=== Detailed Accuracy By Class ===

                 TP Rate  FP Rate  Precision  Recall   F-Measure  MCC      ROC Area  PRC Area  Class
                 0.995    0.058    0.726      0.995    0.839      0.824    0.996     0.971     1
                 0.917    0.014    0.767      0.917    0.835      0.830    0.997     0.935     2
                 0.769    0.023    0.610      0.769    0.680      0.669    0.980     0.814     3
                 0.773    0.010    0.708      0.773    0.739      0.731    0.963     0.839     4
                 0.419    0.006    0.692      0.419    0.522      0.528    0.975     0.735     5
                 0.850    0.008    0.739      0.850    0.791      0.786    0.959     0.854     6
                 0.952    0.019    0.686      0.952    0.797      0.799    0.991     0.926     7
                 0.788    0.008    0.788      0.788    0.788      0.781    0.992     0.919     8
                 0.828    0.004    0.800      0.828    0.814      0.810    0.995     0.893     9
                 0.524    0.006    0.550      0.524    0.537      0.530    0.958     0.444     10
                 0.714    0.012    0.455      0.714    0.556      0.562    0.992     0.702     11
                 0.471    0.006    0.667      0.471    0.552      0.552    0.935     0.551     12
                 0.617    0.001    0.935      0.617    0.744      0.754    0.978     0.846     13
                 0.688    0.000    1.000      0.688    0.815      0.828    0.914     0.725     14
                 0.625    0.001    0.909      0.625    0.741      0.752    0.956     0.806     15
                 0.667    0.003    0.706      0.667    0.686      0.682    0.981     0.791     16
                 0.500    0.010    0.563      0.500    0.529      0.519    0.967     0.560     17
                 0.909    0.003    0.714      0.909    0.800      0.804    0.941     0.860     18
                 0.923    0.003    0.857      0.923    0.889      0.887    0.999     0.972     19
                 1.000    0.010    0.774      1.000    0.873      0.876    0.999     0.971     20
                 0.714    0.002    0.625      0.714    0.667      0.666    1.000     0.957     21
                 0.400    0.001    0.667      0.400    0.500      0.514    0.979     0.486     22
                 0.848    0.003    0.848      0.848    0.848      0.845    0.988     0.904     23
                 0.000    0.000    0.000      0.000    0.000      0.000    0.986     0.267     24
                 0.333    0.000    1.000      0.333    0.500      0.577    0.796     0.155     25
                 1.000    0.000    1.000      1.000    1.000      1.000    1.000     1.000     26
                 0.000    0.001    0.000      0.000    0.000      -0.002   0.997     0.411     27
                 0.980    0.004    0.891      0.980    0.933      0.932    1.000     0.990     28
                 0.500    0.001    0.875      0.500    0.636      0.659    0.968     0.558     29
                 0.231    0.001    0.750      0.231    0.353      0.414    0.908     0.329     30
                 0.200    0.000    1.000      0.200    0.333      0.447    0.995     0.621     31
                 0.000    0.004    0.000      0.000    0.000      -0.004   0.961     0.056     32
                 0.600    0.000    1.000      0.600    0.750      0.774    0.778     0.601     33
                 0.800    0.000    1.000      0.800    0.889      0.894    1.000     0.961     34
                 0.250    0.000    1.000      0.250    0.400      0.499    0.981     0.284     35
                 0.000    0.001    0.000      0.000    0.000      -0.002   0.991     0.193     36
                 0.500    0.000    1.000      0.500    0.667      0.707    0.997     0.783     37
                 0.500    0.000    1.000      0.500    0.667      0.707    0.998     0.754     38
                 0.735    0.004    0.806      0.735    0.769      0.765    0.993     0.874     39
                 0.250    0.000    1.000      0.250    0.400      0.499    1.000     0.825     40
                 0.500    0.000    1.000      0.500    0.667      0.707    0.971     0.568     41
                 0.500    0.001    0.667      0.500    0.571      0.576    0.858     0.359     42
                 0.250    0.001    0.500      0.250    0.333      0.352    0.997     0.521     43
                 0.500    0.001    0.667      0.500    0.571      0.576    0.999     0.729     44
                 0.867    0.003    0.722      0.867    0.788      0.789    0.995     0.860     45
                 0.941    0.003    0.865      0.941    0.901      0.900    1.000     0.990     46
                 0.500    0.000    1.000      0.500    0.667      0.707    0.981     0.756     47
                 0.000    0.001    0.000      0.000    0.000      -0.002   0.982     0.076     48
                 0.889    0.005    0.774      0.889    0.828      0.826    0.991     0.845     49
                 0.667    0.000    1.000      0.667    0.800      0.816    1.000     1.000     50
                 0.739    0.000    1.000      0.739    0.850      0.858    0.999     0.948     51
                 0.667    0.001    0.667      0.667    0.667      0.666    1.000     0.867     52
                 0.000    0.000    0.000      0.000    0.000      0.000    0.979     0.563     53
                 0.667    0.000    1.000      0.667    0.800      0.816    0.999     0.778     54
                 0.000    0.001    0.000      0.000    0.000      -0.001   0.993     0.187     55
                 0.667    0.000    1.000      0.667    0.800      0.816    1.000     1.000     56
                 0.583    0.000    1.000      0.583    0.737      0.762    0.993     0.783     57
                 0.000    0.000    0.000      0.000    0.000      0.000    0.955     0.055     58
                 0.961    0.009    0.859      0.961    0.907      0.903    0.995     0.973     59
                 0.429    0.000    1.000      0.429    0.600      0.654    0.992     0.670     60
                 0.273    0.003    0.429      0.273    0.333      0.338    0.981     0.365     61
                 0.333    0.000    1.000      0.333    0.500      0.577    0.994     0.434     62
                 0.000    0.001    0.000      0.000    0.000      -0.001   0.991     0.132     63
                 0.667    0.001    0.500      0.667    0.571      0.576    0.988     0.683     64
                 0.000    0.001    0.000      0.000    0.000      -0.001   0.969     0.250     65
                 0.000    0.001    0.000      0.000    0.000      -0.002   0.976     0.085     66
                 0.000    0.000    0.000      0.000    0.000      0.000    0.453     0.002     67
                 0.000    0.000    0.000      0.000    0.000      0.000    0.824     0.667     68
                 0.000    0.002    0.000      0.000    0.000      -0.002   0.994     0.186     69
                 0.583    0.002    0.700      0.583    0.636      0.636    0.992     0.731     70
                 0.000    0.001    0.000      0.000    0.000      -0.001   0.992     0.202     71
                 0.000    0.001    0.000      0.000    0.000      -0.001   0.810     0.178     72
                 0.000    0.000    0.000      0.000    0.000      0.000    0.995     0.203     73
                 0.263    0.003    0.500      0.263    0.345      0.357    0.959     0.369     74
                 0.000    0.003    0.000      0.000    0.000      -0.002   0.598     0.004     75
                 0.000    0.000    0.000      0.000    0.000      0.000    0.960     0.021     76
                 0.000    0.001    0.000      0.000    0.000      -0.001   0.340     0.001     77
                 0.500    0.000    1.000      0.500    0.667      0.707    0.998     0.625     78
                 1.000    0.000    1.000      1.000    1.000      1.000    1.000     1.000     79
                 0.000    0.001    0.000      0.000    0.000      -0.001   0.476     0.001     80
                 0.000    0.000    0.000      0.000    0.000      0.000    1.000     1.000     81
                 1.000    0.000    1.000      1.000    1.000      1.000    1.000     1.000     82
                 0.000    0.000    0.000      0.000    0.000      0.000    0.997     0.268     83
                 0.000    0.000    0.000      0.000    0.000      0.000    0.468     0.001     84
                 0.000    0.001    0.000      0.000    0.000      -0.001   0.327     0.001     85
                 0.000    0.000    0.000      0.000    0.000      0.000    1.000     1.000     86
Weighted Avg.    0.738    0.014    0.725      0.738    0.714      0.714    0.977     0.807     
